0
28900.000000
16018.000000
10923486.354167
8200913.975625
6776981.852722
9430327.737813
8378338.953839
7344604.140165
7004085.173480
6594286.163570
5996361.726983
5937557.226066
6609872.484971
6347222.337314
6716913.069254
7617475.978420
8354367.827366
8239141.825415
8125875.194603
8040904.756415
7801716.844067
7448598.268237
7643121.539485
8581960.068673
8243860.128944
8168035.796719
7932488.415737
7960875.914733
7732207.292424
7485744.085798
7244280.153627
7272237.566899
7266046.580573
7058429.828300
7009726.824475
7639721.614129
7469333.535466
7499363.247438
7957923.352135
8045852.109037
8013633.370245
7865855.460724
7947634.227110
7788484.431443
7812478.667308
7816079.146966
7672633.129442
7894110.648194
7865781.215831
